6,-1,VQpobYUKz4HqgaB5+yb+ViCY6IE=,JLASENBhHeI6DeApFn8YZkBdu9c=
7,-1,VE7bH6pmp5/obkhib1TGBa4/XMA=,JLASENBhHeI6DeApFn8YZkBdu9c=
0,-8,VQpobYUKz4HqgaB5+yb+ViCY6IE=,JLASENBhHeI6DeApFn8YZkBdu9c=
6,-6,VE7bH6pmp5/obkhib1TGBa4/XMA=,JLASENBhHeI6DeApFn8YZkBdu9c=
3,-8,VE7bH6pmp5/obkhib1TGBa4/XMA=,JLASENBhHeI6DeApFn8YZkBdu9c=
7,-6,VE7bH6pmp5/obkhib1TGBa4/XMA=,JLASENBhHeI6DeApFn8YZkBdu9c=
5,-1,VE7bH6pmp5/obkhib1TGBa4/XMA=,JLASENBhHeI6DeApFn8YZkBdu9c=
5,-6,VE7bH6pmp5/obkhib1TGBa4/XMA=,JLASENBhHeI6DeApFn8YZkBdu9c=
0,-5,VE7bH6pmp5/obkhib1TGBa4/XMA=,JLASENBhHeI6DeApFn8YZkBdu9c=
3,-1,VE7bH6pmp5/obkhib1TGBa4/XMA=,JLASENBhHeI6DeApFn8YZkBdu9c=
2,-5,VE7bH6pmp5/obkhib1TGBa4/XMA=,JLASENBhHeI6DeApFn8YZkBdu9c=
4,-1,VE7bH6pmp5/obkhib1TGBa4/XMA=,JLASENBhHeI6DeApFn8YZkBdu9c=
3,-5,VE7bH6pmp5/obkhib1TGBa4/XMA=,JLASENBhHeI6DeApFn8YZkBdu9c=
1,-5,VE7bH6pmp5/obkhib1TGBa4/XMA=,JLASENBhHeI6DeApFn8YZkBdu9c=
4,-5,VE7bH6pmp5/obkhib1TGBa4/XMA=,JLASENBhHeI6DeApFn8YZkBdu9c=
5,-5,VE7bH6pmp5/obkhib1TGBa4/XMA=,JLASENBhHeI6DeApFn8YZkBdu9c=
6,-5,VE7bH6pmp5/obkhib1TGBa4/XMA=,JLASENBhHeI6DeApFn8YZkBdu9c=
7,-5,VE7bH6pmp5/obkhib1TGBa4/XMA=,JLASENBhHeI6DeApFn8YZkBdu9c=
7,-7,VE7bH6pmp5/obkhib1TGBa4/XMA=,JLASENBhHeI6DeApFn8YZkBdu9c=
1,-7,VE7bH6pmp5/obkhib1TGBa4/XMA=,JLASENBhHeI6DeApFn8YZkBdu9c=
7,-2,VE7bH6pmp5/obkhib1TGBa4/XMA=,JLASENBhHeI6DeApFn8YZkBdu9c=
6,-7,VE7bH6pmp5/obkhib1TGBa4/XMA=,JLASENBhHeI6DeApFn8YZkBdu9c=
5,-7,VE7bH6pmp5/obkhib1TGBa4/XMA=,JLASENBhHeI6DeApFn8YZkBdu9c=
6,-2,VE7bH6pmp5/obkhib1TGBa4/XMA=,JLASENBhHeI6DeApFn8YZkBdu9c=
4,-7,VE7bH6pmp5/obkhib1TGBa4/XMA=,JLASENBhHeI6DeApFn8YZkBdu9c=
3,-7,VE7bH6pmp5/obkhib1TGBa4/XMA=,JLASENBhHeI6DeApFn8YZkBdu9c=
2,-7,VE7bH6pmp5/obkhib1TGBa4/XMA=,JLASENBhHeI6DeApFn8YZkBdu9c=
2,-8,VE7bH6pmp5/obkhib1TGBa4/XMA=,JLASENBhHeI6DeApFn8YZkBdu9c=
5,-2,VE7bH6pmp5/obkhib1TGBa4/XMA=,JLASENBhHeI6DeApFn8YZkBdu9c=
4,-6,VE7bH6pmp5/obkhib1TGBa4/XMA=,JLASENBhHeI6DeApFn8YZkBdu9c=
3,-2,VE7bH6pmp5/obkhib1TGBa4/XMA=,JLASENBhHeI6DeApFn8YZkBdu9c=
4,-2,VE7bH6pmp5/obkhib1TGBa4/XMA=,JLASENBhHeI6DeApFn8YZkBdu9c=
0,-4,VE7bH6pmp5/obkhib1TGBa4/XMA=,JLASENBhHeI6DeApFn8YZkBdu9c=
0,-1,VE7bH6pmp5/obkhib1TGBa4/XMA=,JLASENBhHeI6DeApFn8YZkBdu9c=
7,-3,VE7bH6pmp5/obkhib1TGBa4/XMA=,JLASENBhHeI6DeApFn8YZkBdu9c=
6,-3,VE7bH6pmp5/obkhib1TGBa4/XMA=,JLASENBhHeI6DeApFn8YZkBdu9c=
0,-7,VE7bH6pmp5/obkhib1TGBa4/XMA=,JLASENBhHeI6DeApFn8YZkBdu9c=
7,-8,VE7bH6pmp5/obkhib1TGBa4/XMA=,JLASENBhHeI6DeApFn8YZkBdu9c=
3,-6,VE7bH6pmp5/obkhib1TGBa4/XMA=,JLASENBhHeI6DeApFn8YZkBdu9c=
5,-3,VE7bH6pmp5/obkhib1TGBa4/XMA=,JLASENBhHeI6DeApFn8YZkBdu9c=
6,-8,VE7bH6pmp5/obkhib1TGBa4/XMA=,JLASENBhHeI6DeApFn8YZkBdu9c=
4,-3,VE7bH6pmp5/obkhib1TGBa4/XMA=,JLASENBhHeI6DeApFn8YZkBdu9c=
3,-3,VE7bH6pmp5/obkhib1TGBa4/XMA=,JLASENBhHeI6DeApFn8YZkBdu9c=
1,-1,VE7bH6pmp5/obkhib1TGBa4/XMA=,JLASENBhHeI6DeApFn8YZkBdu9c=
2,-2,VE7bH6pmp5/obkhib1TGBa4/XMA=,JLASENBhHeI6DeApFn8YZkBdu9c=
2,-1,VE7bH6pmp5/obkhib1TGBa4/XMA=,JLASENBhHeI6DeApFn8YZkBdu9c=
5,-8,VE7bH6pmp5/obkhib1TGBa4/XMA=,JLASENBhHeI6DeApFn8YZkBdu9c=
2,-6,VE7bH6pmp5/obkhib1TGBa4/XMA=,JLASENBhHeI6DeApFn8YZkBdu9c=
1,-8,VQpobYUKz4HqgaB5+yb+ViCY6IE=,JLASENBhHeI6DeApFn8YZkBdu9c=
7,-4,VE7bH6pmp5/obkhib1TGBa4/XMA=,JLASENBhHeI6DeApFn8YZkBdu9c=
1,-6,VE7bH6pmp5/obkhib1TGBa4/XMA=,JLASENBhHeI6DeApFn8YZkBdu9c=
6,-4,VE7bH6pmp5/obkhib1TGBa4/XMA=,JLASENBhHeI6DeApFn8YZkBdu9c=
5,-4,VE7bH6pmp5/obkhib1TGBa4/XMA=,JLASENBhHeI6DeApFn8YZkBdu9c=
4,-4,VE7bH6pmp5/obkhib1TGBa4/XMA=,JLASENBhHeI6DeApFn8YZkBdu9c=
3,-4,VE7bH6pmp5/obkhib1TGBa4/XMA=,JLASENBhHeI6DeApFn8YZkBdu9c=
0,-2,VE7bH6pmp5/obkhib1TGBa4/XMA=,JLASENBhHeI6DeApFn8YZkBdu9c=
4,-8,VE7bH6pmp5/obkhib1TGBa4/XMA=,JLASENBhHeI6DeApFn8YZkBdu9c=
0,-6,VE7bH6pmp5/obkhib1TGBa4/XMA=,JLASENBhHeI6DeApFn8YZkBdu9c=
1,-2,VE7bH6pmp5/obkhib1TGBa4/XMA=,JLASENBhHeI6DeApFn8YZkBdu9c=
1,-4,VE7bH6pmp5/obkhib1TGBa4/XMA=,JLASENBhHeI6DeApFn8YZkBdu9c=
2,-3,VE7bH6pmp5/obkhib1TGBa4/XMA=,JLASENBhHeI6DeApFn8YZkBdu9c=
0,-3,VE7bH6pmp5/obkhib1TGBa4/XMA=,JLASENBhHeI6DeApFn8YZkBdu9c=
2,-4,VE7bH6pmp5/obkhib1TGBa4/XMA=,JLASENBhHeI6DeApFn8YZkBdu9c=
1,-3,VE7bH6pmp5/obkhib1TGBa4/XMA=,JLASENBhHeI6DeApFn8YZkBdu9c=
5,-20,cRPfPgmFitA4rYsaN+Q4jFm5GqU=,FsElRKPu1dExtc+b/DY6T/HUQco=
4,-19,cRPfPgmFitA4rYsaN+Q4jFm5GqU=,FsElRKPu1dExtc+b/DY6T/HUQco=
5,-19,cRPfPgmFitA4rYsaN+Q4jFm5GqU=,FsElRKPu1dExtc+b/DY6T/HUQco=
3,-19,cRPfPgmFitA4rYsaN+Q4jFm5GqU=,FsElRKPu1dExtc+b/DY6T/HUQco=
6,-19,cRPfPgmFitA4rYsaN+Q4jFm5GqU=,FsElRKPu1dExtc+b/DY6T/HUQco=
7,-19,cRPfPgmFitA4rYsaN+Q4jFm5GqU=,FsElRKPu1dExtc+b/DY6T/HUQco=
2,-23,cRPfPgmFitA4rYsaN+Q4jFm5GqU=,FsElRKPu1dExtc+b/DY6T/HUQco=
2,-19,cRPfPgmFitA4rYsaN+Q4jFm5GqU=,FsElRKPu1dExtc+b/DY6T/HUQco=
5,-21,cRPfPgmFitA4rYsaN+Q4jFm5GqU=,FsElRKPu1dExtc+b/DY6T/HUQco=
0,-18,cRPfPgmFitA4rYsaN+Q4jFm5GqU=,FsElRKPu1dExtc+b/DY6T/HUQco=
7,-23,cRPfPgmFitA4rYsaN+Q4jFm5GqU=,FsElRKPu1dExtc+b/DY6T/HUQco=
3,-23,cRPfPgmFitA4rYsaN+Q4jFm5GqU=,FsElRKPu1dExtc+b/DY6T/HUQco=
1,-19,cRPfPgmFitA4rYsaN+Q4jFm5GqU=,FsElRKPu1dExtc+b/DY6T/HUQco=
4,-23,cRPfPgmFitA4rYsaN+Q4jFm5GqU=,FsElRKPu1dExtc+b/DY6T/HUQco=
6,-21,cRPfPgmFitA4rYsaN+Q4jFm5GqU=,FsElRKPu1dExtc+b/DY6T/HUQco=
0,-19,cRPfPgmFitA4rYsaN+Q4jFm5GqU=,FsElRKPu1dExtc+b/DY6T/HUQco=
7,-21,cRPfPgmFitA4rYsaN+Q4jFm5GqU=,FsElRKPu1dExtc+b/DY6T/HUQco=
6,-23,cRPfPgmFitA4rYsaN+Q4jFm5GqU=,FsElRKPu1dExtc+b/DY6T/HUQco=
0,-22,cRPfPgmFitA4rYsaN+Q4jFm5GqU=,FsElRKPu1dExtc+b/DY6T/HUQco=
0,-20,cRPfPgmFitA4rYsaN+Q4jFm5GqU=,FsElRKPu1dExtc+b/DY6T/HUQco=
7,-20,cRPfPgmFitA4rYsaN+Q4jFm5GqU=,FsElRKPu1dExtc+b/DY6T/HUQco=
1,-18,cRPfPgmFitA4rYsaN+Q4jFm5GqU=,FsElRKPu1dExtc+b/DY6T/HUQco=
2,-18,cRPfPgmFitA4rYsaN+Q4jFm5GqU=,FsElRKPu1dExtc+b/DY6T/HUQco=
1,-23,cRPfPgmFitA4rYsaN+Q4jFm5GqU=,FsElRKPu1dExtc+b/DY6T/HUQco=
4,-21,cRPfPgmFitA4rYsaN+Q4jFm5GqU=,FsElRKPu1dExtc+b/DY6T/HUQco=
6,-20,cRPfPgmFitA4rYsaN+Q4jFm5GqU=,FsElRKPu1dExtc+b/DY6T/HUQco=
1,-20,cRPfPgmFitA4rYsaN+Q4jFm5GqU=,FsElRKPu1dExtc+b/DY6T/HUQco=
4,-24,cRPfPgmFitA4rYsaN+Q4jFm5GqU=,FsElRKPu1dExtc+b/DY6T/HUQco=
2,-24,cRPfPgmFitA4rYsaN+Q4jFm5GqU=,FsElRKPu1dExtc+b/DY6T/HUQco=
3,-18,cRPfPgmFitA4rYsaN+Q4jFm5GqU=,FsElRKPu1dExtc+b/DY6T/HUQco=
6,-22,cRPfPgmFitA4rYsaN+Q4jFm5GqU=,FsElRKPu1dExtc+b/DY6T/HUQco=
5,-23,cRPfPgmFitA4rYsaN+Q4jFm5GqU=,FsElRKPu1dExtc+b/DY6T/HUQco=
7,-22,cRPfPgmFitA4rYsaN+Q4jFm5GqU=,FsElRKPu1dExtc+b/DY6T/HUQco=
0,-23,cRPfPgmFitA4rYsaN+Q4jFm5GqU=,FsElRKPu1dExtc+b/DY6T/HUQco=
6,-24,cRPfPgmFitA4rYsaN+Q4jFm5GqU=,FsElRKPu1dExtc+b/DY6T/HUQco=
2,-20,cRPfPgmFitA4rYsaN+Q4jFm5GqU=,FsElRKPu1dExtc+b/DY6T/HUQco=
3,-24,cRPfPgmFitA4rYsaN+Q4jFm5GqU=,FsElRKPu1dExtc+b/DY6T/HUQco=
3,-21,cRPfPgmFitA4rYsaN+Q4jFm5GqU=,FsElRKPu1dExtc+b/DY6T/HUQco=
7,-24,cRPfPgmFitA4rYsaN+Q4jFm5GqU=,FsElRKPu1dExtc+b/DY6T/HUQco=
0,-21,cRPfPgmFitA4rYsaN+Q4jFm5GqU=,FsElRKPu1dExtc+b/DY6T/HUQco=
7,-17,cRPfPgmFitA4rYsaN+Q4jFm5GqU=,FsElRKPu1dExtc+b/DY6T/HUQco=
3,-22,cRPfPgmFitA4rYsaN+Q4jFm5GqU=,FsElRKPu1dExtc+b/DY6T/HUQco=
4,-22,cRPfPgmFitA4rYsaN+Q4jFm5GqU=,FsElRKPu1dExtc+b/DY6T/HUQco=
6,-17,cRPfPgmFitA4rYsaN+Q4jFm5GqU=,FsElRKPu1dExtc+b/DY6T/HUQco=
4,-18,cRPfPgmFitA4rYsaN+Q4jFm5GqU=,FsElRKPu1dExtc+b/DY6T/HUQco=
5,-22,cRPfPgmFitA4rYsaN+Q4jFm5GqU=,FsElRKPu1dExtc+b/DY6T/HUQco=
2,-22,cRPfPgmFitA4rYsaN+Q4jFm5GqU=,FsElRKPu1dExtc+b/DY6T/HUQco=
1,-22,cRPfPgmFitA4rYsaN+Q4jFm5GqU=,FsElRKPu1dExtc+b/DY6T/HUQco=
0,-24,cRPfPgmFitA4rYsaN+Q4jFm5GqU=,FsElRKPu1dExtc+b/DY6T/HUQco=
5,-17,cRPfPgmFitA4rYsaN+Q4jFm5GqU=,FsElRKPu1dExtc+b/DY6T/HUQco=
1,-24,cRPfPgmFitA4rYsaN+Q4jFm5GqU=,FsElRKPu1dExtc+b/DY6T/HUQco=
5,-18,cRPfPgmFitA4rYsaN+Q4jFm5GqU=,FsElRKPu1dExtc+b/DY6T/HUQco=
4,-17,cRPfPgmFitA4rYsaN+Q4jFm5GqU=,FsElRKPu1dExtc+b/DY6T/HUQco=
4,-20,cRPfPgmFitA4rYsaN+Q4jFm5GqU=,FsElRKPu1dExtc+b/DY6T/HUQco=
3,-17,cRPfPgmFitA4rYsaN+Q4jFm5GqU=,FsElRKPu1dExtc+b/DY6T/HUQco=
2,-17,cRPfPgmFitA4rYsaN+Q4jFm5GqU=,FsElRKPu1dExtc+b/DY6T/HUQco=
2,-21,cRPfPgmFitA4rYsaN+Q4jFm5GqU=,FsElRKPu1dExtc+b/DY6T/HUQco=
6,-18,cRPfPgmFitA4rYsaN+Q4jFm5GqU=,FsElRKPu1dExtc+b/DY6T/HUQco=
1,-21,cRPfPgmFitA4rYsaN+Q4jFm5GqU=,FsElRKPu1dExtc+b/DY6T/HUQco=
3,-20,cRPfPgmFitA4rYsaN+Q4jFm5GqU=,FsElRKPu1dExtc+b/DY6T/HUQco=
1,-17,cRPfPgmFitA4rYsaN+Q4jFm5GqU=,FsElRKPu1dExtc+b/DY6T/HUQco=
7,-18,cRPfPgmFitA4rYsaN+Q4jFm5GqU=,FsElRKPu1dExtc+b/DY6T/HUQco=
0,-17,cRPfPgmFitA4rYsaN+Q4jFm5GqU=,FsElRKPu1dExtc+b/DY6T/HUQco=
5,-24,cRPfPgmFitA4rYsaN+Q4jFm5GqU=,FsElRKPu1dExtc+b/DY6T/HUQco=
4,-11,VQpobYUKz4HqgaB5+yb+ViCY6IE=,JLASENBhHeI6DeApFn8YZkBdu9c=
5,-12,VQpobYUKz4HqgaB5+yb+ViCY6IE=,JLASENBhHeI6DeApFn8YZkBdu9c=
7,-15,VQpobYUKz4HqgaB5+yb+ViCY6IE=,JLASENBhHeI6DeApFn8YZkBdu9c=
6,-15,VQpobYUKz4HqgaB5+yb+ViCY6IE=,JLASENBhHeI6DeApFn8YZkBdu9c=
5,-15,VQpobYUKz4HqgaB5+yb+ViCY6IE=,JLASENBhHeI6DeApFn8YZkBdu9c=
4,-15,VQpobYUKz4HqgaB5+yb+ViCY6IE=,JLASENBhHeI6DeApFn8YZkBdu9c=
7,-14,VQpobYUKz4HqgaB5+yb+ViCY6IE=,JLASENBhHeI6DeApFn8YZkBdu9c=
3,-15,VQpobYUKz4HqgaB5+yb+ViCY6IE=,JLASENBhHeI6DeApFn8YZkBdu9c=
5,-13,VQpobYUKz4HqgaB5+yb+ViCY6IE=,JLASENBhHeI6DeApFn8YZkBdu9c=
2,-15,VQpobYUKz4HqgaB5+yb+ViCY6IE=,JLASENBhHeI6DeApFn8YZkBdu9c=
4,-12,VQpobYUKz4HqgaB5+yb+ViCY6IE=,JLASENBhHeI6DeApFn8YZkBdu9c=
4,-13,VQpobYUKz4HqgaB5+yb+ViCY6IE=,JLASENBhHeI6DeApFn8YZkBdu9c=
3,-13,VQpobYUKz4HqgaB5+yb+ViCY6IE=,JLASENBhHeI6DeApFn8YZkBdu9c=
1,-15,VQpobYUKz4HqgaB5+yb+ViCY6IE=,JLASENBhHeI6DeApFn8YZkBdu9c=
1,-16,VQpobYUKz4HqgaB5+yb+ViCY6IE=,JLASENBhHeI6DeApFn8YZkBdu9c=
7,-16,VQpobYUKz4HqgaB5+yb+ViCY6IE=,JLASENBhHeI6DeApFn8YZkBdu9c=
6,-16,VQpobYUKz4HqgaB5+yb+ViCY6IE=,JLASENBhHeI6DeApFn8YZkBdu9c=
5,-16,VQpobYUKz4HqgaB5+yb+ViCY6IE=,JLASENBhHeI6DeApFn8YZkBdu9c=
4,-16,VQpobYUKz4HqgaB5+yb+ViCY6IE=,JLASENBhHeI6DeApFn8YZkBdu9c=
3,-16,VQpobYUKz4HqgaB5+yb+ViCY6IE=,JLASENBhHeI6DeApFn8YZkBdu9c=
0,-15,VQpobYUKz4HqgaB5+yb+ViCY6IE=,JLASENBhHeI6DeApFn8YZkBdu9c=
3,-12,VQpobYUKz4HqgaB5+yb+ViCY6IE=,JLASENBhHeI6DeApFn8YZkBdu9c=
0,-16,VQpobYUKz4HqgaB5+yb+ViCY6IE=,JLASENBhHeI6DeApFn8YZkBdu9c=
2,-11,VQpobYUKz4HqgaB5+yb+ViCY6IE=,JLASENBhHeI6DeApFn8YZkBdu9c=
6,-14,VQpobYUKz4HqgaB5+yb+ViCY6IE=,JLASENBhHeI6DeApFn8YZkBdu9c=
2,-16,VQpobYUKz4HqgaB5+yb+ViCY6IE=,JLASENBhHeI6DeApFn8YZkBdu9c=
3,-11,VQpobYUKz4HqgaB5+yb+ViCY6IE=,JLASENBhHeI6DeApFn8YZkBdu9c=
5,-14,VQpobYUKz4HqgaB5+yb+ViCY6IE=,JLASENBhHeI6DeApFn8YZkBdu9c=
1,-11,VQpobYUKz4HqgaB5+yb+ViCY6IE=,JLASENBhHeI6DeApFn8YZkBdu9c=
4,-14,VQpobYUKz4HqgaB5+yb+ViCY6IE=,JLASENBhHeI6DeApFn8YZkBdu9c=
3,-14,VQpobYUKz4HqgaB5+yb+ViCY6IE=,JLASENBhHeI6DeApFn8YZkBdu9c=
0,-11,VQpobYUKz4HqgaB5+yb+ViCY6IE=,JLASENBhHeI6DeApFn8YZkBdu9c=
7,-10,VQpobYUKz4HqgaB5+yb+ViCY6IE=,JLASENBhHeI6DeApFn8YZkBdu9c=
6,-10,VQpobYUKz4HqgaB5+yb+ViCY6IE=,JLASENBhHeI6DeApFn8YZkBdu9c=
5,-10,VQpobYUKz4HqgaB5+yb+ViCY6IE=,JLASENBhHeI6DeApFn8YZkBdu9c=
4,-10,VQpobYUKz4HqgaB5+yb+ViCY6IE=,JLASENBhHeI6DeApFn8YZkBdu9c=
7,-13,VQpobYUKz4HqgaB5+yb+ViCY6IE=,JLASENBhHeI6DeApFn8YZkBdu9c=
2,-12,VQpobYUKz4HqgaB5+yb+ViCY6IE=,JLASENBhHeI6DeApFn8YZkBdu9c=
2,-13,VQpobYUKz4HqgaB5+yb+ViCY6IE=,JLASENBhHeI6DeApFn8YZkBdu9c=
2,-14,VQpobYUKz4HqgaB5+yb+ViCY6IE=,JLASENBhHeI6DeApFn8YZkBdu9c=
1,-12,VQpobYUKz4HqgaB5+yb+ViCY6IE=,JLASENBhHeI6DeApFn8YZkBdu9c=
7,-12,VQpobYUKz4HqgaB5+yb+ViCY6IE=,JLASENBhHeI6DeApFn8YZkBdu9c=
0,-12,VQpobYUKz4HqgaB5+yb+ViCY6IE=,JLASENBhHeI6DeApFn8YZkBdu9c=
1,-10,VQpobYUKz4HqgaB5+yb+ViCY6IE=,JLASENBhHeI6DeApFn8YZkBdu9c=
6,-13,VQpobYUKz4HqgaB5+yb+ViCY6IE=,JLASENBhHeI6DeApFn8YZkBdu9c=
2,-10,VQpobYUKz4HqgaB5+yb+ViCY6IE=,JLASENBhHeI6DeApFn8YZkBdu9c=
3,-10,VQpobYUKz4HqgaB5+yb+ViCY6IE=,JLASENBhHeI6DeApFn8YZkBdu9c=
6,-12,VQpobYUKz4HqgaB5+yb+ViCY6IE=,JLASENBhHeI6DeApFn8YZkBdu9c=
7,-11,VQpobYUKz4HqgaB5+yb+ViCY6IE=,JLASENBhHeI6DeApFn8YZkBdu9c=
6,-11,VQpobYUKz4HqgaB5+yb+ViCY6IE=,JLASENBhHeI6DeApFn8YZkBdu9c=
5,-11,VQpobYUKz4HqgaB5+yb+ViCY6IE=,JLASENBhHeI6DeApFn8YZkBdu9c=
1,-13,VQpobYUKz4HqgaB5+yb+ViCY6IE=,JLASENBhHeI6DeApFn8YZkBdu9c=
0,-10,VQpobYUKz4HqgaB5+yb+ViCY6IE=,JLASENBhHeI6DeApFn8YZkBdu9c=
1,-14,VQpobYUKz4HqgaB5+yb+ViCY6IE=,JLASENBhHeI6DeApFn8YZkBdu9c=
0,-14,VQpobYUKz4HqgaB5+yb+ViCY6IE=,JLASENBhHeI6DeApFn8YZkBdu9c=
0,-13,VQpobYUKz4HqgaB5+yb+ViCY6IE=,JLASENBhHeI6DeApFn8YZkBdu9c=
0,-9,VQpobYUKz4HqgaB5+yb+ViCY6IE=,JLASENBhHeI6DeApFn8YZkBdu9c=
7,-9,VE7bH6pmp5/obkhib1TGBa4/XMA=,JLASENBhHeI6DeApFn8YZkBdu9c=
6,-9,VQpobYUKz4HqgaB5+yb+ViCY6IE=,JLASENBhHeI6DeApFn8YZkBdu9c=
4,-9,VQpobYUKz4HqgaB5+yb+ViCY6IE=,JLASENBhHeI6DeApFn8YZkBdu9c=
5,-9,VQpobYUKz4HqgaB5+yb+ViCY6IE=,JLASENBhHeI6DeApFn8YZkBdu9c=
1,-9,VQpobYUKz4HqgaB5+yb+ViCY6IE=,JLASENBhHeI6DeApFn8YZkBdu9c=
3,-9,VE7bH6pmp5/obkhib1TGBa4/XMA=,JLASENBhHeI6DeApFn8YZkBdu9c=
2,-9,VQpobYUKz4HqgaB5+yb+ViCY6IE=,JLASENBhHeI6DeApFn8YZkBdu9c=
10,-12,THLRbY/I4DwRPSGdav8niwjKuZM=,7AHGTnwIZuHpEP6Z1FsTt6pGWIA=
14,-10,THLRbY/I4DwRPSGdav8niwjKuZM=,7AHGTnwIZuHpEP6Z1FsTt6pGWIA=
11,-11,THLRbY/I4DwRPSGdav8niwjKuZM=,7AHGTnwIZuHpEP6Z1FsTt6pGWIA=
11,-14,THLRbY/I4DwRPSGdav8niwjKuZM=,7AHGTnwIZuHpEP6Z1FsTt6pGWIA=
14,-11,THLRbY/I4DwRPSGdav8niwjKuZM=,7AHGTnwIZuHpEP6Z1FsTt6pGWIA=
12,-10,THLRbY/I4DwRPSGdav8niwjKuZM=,7AHGTnwIZuHpEP6Z1FsTt6pGWIA=
13,-11,THLRbY/I4DwRPSGdav8niwjKuZM=,7AHGTnwIZuHpEP6Z1FsTt6pGWIA=
13,-10,THLRbY/I4DwRPSGdav8niwjKuZM=,7AHGTnwIZuHpEP6Z1FsTt6pGWIA=
11,-13,THLRbY/I4DwRPSGdav8niwjKuZM=,7AHGTnwIZuHpEP6Z1FsTt6pGWIA=
12,-11,THLRbY/I4DwRPSGdav8niwjKuZM=,7AHGTnwIZuHpEP6Z1FsTt6pGWIA=
14,-12,THLRbY/I4DwRPSGdav8niwjKuZM=,7AHGTnwIZuHpEP6Z1FsTt6pGWIA=
10,-13,THLRbY/I4DwRPSGdav8niwjKuZM=,7AHGTnwIZuHpEP6Z1FsTt6pGWIA=
13,-12,THLRbY/I4DwRPSGdav8niwjKuZM=,7AHGTnwIZuHpEP6Z1FsTt6pGWIA=
12,-12,THLRbY/I4DwRPSGdav8niwjKuZM=,7AHGTnwIZuHpEP6Z1FsTt6pGWIA=
10,-15,THLRbY/I4DwRPSGdav8niwjKuZM=,7AHGTnwIZuHpEP6Z1FsTt6pGWIA=
10,-14,THLRbY/I4DwRPSGdav8niwjKuZM=,7AHGTnwIZuHpEP6Z1FsTt6pGWIA=
9,-14,THLRbY/I4DwRPSGdav8niwjKuZM=,7AHGTnwIZuHpEP6Z1FsTt6pGWIA=
9,-13,THLRbY/I4DwRPSGdav8niwjKuZM=,7AHGTnwIZuHpEP6Z1FsTt6pGWIA=
14,-15,THLRbY/I4DwRPSGdav8niwjKuZM=,7AHGTnwIZuHpEP6Z1FsTt6pGWIA=
13,-15,THLRbY/I4DwRPSGdav8niwjKuZM=,7AHGTnwIZuHpEP6Z1FsTt6pGWIA=
9,-15,THLRbY/I4DwRPSGdav8niwjKuZM=,7AHGTnwIZuHpEP6Z1FsTt6pGWIA=
14,-13,THLRbY/I4DwRPSGdav8niwjKuZM=,7AHGTnwIZuHpEP6Z1FsTt6pGWIA=
12,-15,THLRbY/I4DwRPSGdav8niwjKuZM=,7AHGTnwIZuHpEP6Z1FsTt6pGWIA=
14,-14,THLRbY/I4DwRPSGdav8niwjKuZM=,7AHGTnwIZuHpEP6Z1FsTt6pGWIA=
13,-14,THLRbY/I4DwRPSGdav8niwjKuZM=,7AHGTnwIZuHpEP6Z1FsTt6pGWIA=
13,-13,THLRbY/I4DwRPSGdav8niwjKuZM=,7AHGTnwIZuHpEP6Z1FsTt6pGWIA=
12,-13,THLRbY/I4DwRPSGdav8niwjKuZM=,7AHGTnwIZuHpEP6Z1FsTt6pGWIA=
12,-14,THLRbY/I4DwRPSGdav8niwjKuZM=,7AHGTnwIZuHpEP6Z1FsTt6pGWIA=
11,-10,THLRbY/I4DwRPSGdav8niwjKuZM=,7AHGTnwIZuHpEP6Z1FsTt6pGWIA=
9,-12,THLRbY/I4DwRPSGdav8niwjKuZM=,7AHGTnwIZuHpEP6Z1FsTt6pGWIA=
10,-11,THLRbY/I4DwRPSGdav8niwjKuZM=,7AHGTnwIZuHpEP6Z1FsTt6pGWIA=
11,-15,THLRbY/I4DwRPSGdav8niwjKuZM=,7AHGTnwIZuHpEP6Z1FsTt6pGWIA=
11,-12,THLRbY/I4DwRPSGdav8niwjKuZM=,7AHGTnwIZuHpEP6Z1FsTt6pGWIA=
9,-11,THLRbY/I4DwRPSGdav8niwjKuZM=,7AHGTnwIZuHpEP6Z1FsTt6pGWIA=
10,-10,THLRbY/I4DwRPSGdav8niwjKuZM=,7AHGTnwIZuHpEP6Z1FsTt6pGWIA=
9,-10,THLRbY/I4DwRPSGdav8niwjKuZM=,7AHGTnwIZuHpEP6Z1FsTt6pGWIA=
12,-16,RjchzLKm+gvI94PRo4ampe1YdKA=,7AHGTnwIZuHpEP6Z1FsTt6pGWIA=
11,-16,RjchzLKm+gvI94PRo4ampe1YdKA=,7AHGTnwIZuHpEP6Z1FsTt6pGWIA=
9,-16,RjchzLKm+gvI94PRo4ampe1YdKA=,7AHGTnwIZuHpEP6Z1FsTt6pGWIA=
13,-16,RjchzLKm+gvI94PRo4ampe1YdKA=,7AHGTnwIZuHpEP6Z1FsTt6pGWIA=
14,-16,RjchzLKm+gvI94PRo4ampe1YdKA=,7AHGTnwIZuHpEP6Z1FsTt6pGWIA=
10,-16,RjchzLKm+gvI94PRo4ampe1YdKA=,7AHGTnwIZuHpEP6Z1FsTt6pGWIA=
15,-10,RjchzLKm+gvI94PRo4ampe1YdKA=,7AHGTnwIZuHpEP6Z1FsTt6pGWIA=
15,-13,RjchzLKm+gvI94PRo4ampe1YdKA=,7AHGTnwIZuHpEP6Z1FsTt6pGWIA=
15,-11,RjchzLKm+gvI94PRo4ampe1YdKA=,7AHGTnwIZuHpEP6Z1FsTt6pGWIA=
15,-14,RjchzLKm+gvI94PRo4ampe1YdKA=,7AHGTnwIZuHpEP6Z1FsTt6pGWIA=
15,-15,RjchzLKm+gvI94PRo4ampe1YdKA=,7AHGTnwIZuHpEP6Z1FsTt6pGWIA=
15,-12,RjchzLKm+gvI94PRo4ampe1YdKA=,7AHGTnwIZuHpEP6Z1FsTt6pGWIA=
15,-16,RjchzLKm+gvI94PRo4ampe1YdKA=,7AHGTnwIZuHpEP6Z1FsTt6pGWIA=
8,-16,VQpobYUKz4HqgaB5+yb+ViCY6IE=,7AHGTnwIZuHpEP6Z1FsTt6pGWIA=
8,-14,VQpobYUKz4HqgaB5+yb+ViCY6IE=,7AHGTnwIZuHpEP6Z1FsTt6pGWIA=
8,-15,VQpobYUKz4HqgaB5+yb+ViCY6IE=,7AHGTnwIZuHpEP6Z1FsTt6pGWIA=
8,-13,VQpobYUKz4HqgaB5+yb+ViCY6IE=,7AHGTnwIZuHpEP6Z1FsTt6pGWIA=
8,-12,VQpobYUKz4HqgaB5+yb+ViCY6IE=,7AHGTnwIZuHpEP6Z1FsTt6pGWIA=
8,-11,VQpobYUKz4HqgaB5+yb+ViCY6IE=,7AHGTnwIZuHpEP6Z1FsTt6pGWIA=
8,-10,VQpobYUKz4HqgaB5+yb+ViCY6IE=,7AHGTnwIZuHpEP6Z1FsTt6pGWIA=
15,-1,VE7bH6pmp5/obkhib1TGBa4/XMA=,7AHGTnwIZuHpEP6Z1FsTt6pGWIA=
15,-4,VE7bH6pmp5/obkhib1TGBa4/XMA=,7AHGTnwIZuHpEP6Z1FsTt6pGWIA=
15,-7,VE7bH6pmp5/obkhib1TGBa4/XMA=,7AHGTnwIZuHpEP6Z1FsTt6pGWIA=
14,-1,VE7bH6pmp5/obkhib1TGBa4/XMA=,7AHGTnwIZuHpEP6Z1FsTt6pGWIA=
15,-3,VE7bH6pmp5/obkhib1TGBa4/XMA=,7AHGTnwIZuHpEP6Z1FsTt6pGWIA=
14,-7,VE7bH6pmp5/obkhib1TGBa4/XMA=,7AHGTnwIZuHpEP6Z1FsTt6pGWIA=
15,-6,VE7bH6pmp5/obkhib1TGBa4/XMA=,7AHGTnwIZuHpEP6Z1FsTt6pGWIA=
14,-3,VE7bH6pmp5/obkhib1TGBa4/XMA=,7AHGTnwIZuHpEP6Z1FsTt6pGWIA=
10,-7,VE7bH6pmp5/obkhib1TGBa4/XMA=,7AHGTnwIZuHpEP6Z1FsTt6pGWIA=
9,-7,VE7bH6pmp5/obkhib1TGBa4/XMA=,7AHGTnwIZuHpEP6Z1FsTt6pGWIA=
11,-3,VE7bH6pmp5/obkhib1TGBa4/XMA=,7AHGTnwIZuHpEP6Z1FsTt6pGWIA=
13,-4,VE7bH6pmp5/obkhib1TGBa4/XMA=,7AHGTnwIZuHpEP6Z1FsTt6pGWIA=
9,-2,VE7bH6pmp5/obkhib1TGBa4/XMA=,7AHGTnwIZuHpEP6Z1FsTt6pGWIA=
14,-8,VE7bH6pmp5/obkhib1TGBa4/XMA=,7AHGTnwIZuHpEP6Z1FsTt6pGWIA=
15,-2,VE7bH6pmp5/obkhib1TGBa4/XMA=,7AHGTnwIZuHpEP6Z1FsTt6pGWIA=
9,-1,VE7bH6pmp5/obkhib1TGBa4/XMA=,7AHGTnwIZuHpEP6Z1FsTt6pGWIA=
8,-7,VE7bH6pmp5/obkhib1TGBa4/XMA=,7AHGTnwIZuHpEP6Z1FsTt6pGWIA=
14,-6,VE7bH6pmp5/obkhib1TGBa4/XMA=,7AHGTnwIZuHpEP6Z1FsTt6pGWIA=
8,-1,VE7bH6pmp5/obkhib1TGBa4/XMA=,7AHGTnwIZuHpEP6Z1FsTt6pGWIA=
13,-7,VE7bH6pmp5/obkhib1TGBa4/XMA=,7AHGTnwIZuHpEP6Z1FsTt6pGWIA=
10,-3,VE7bH6pmp5/obkhib1TGBa4/XMA=,7AHGTnwIZuHpEP6Z1FsTt6pGWIA=
15,-5,VE7bH6pmp5/obkhib1TGBa4/XMA=,7AHGTnwIZuHpEP6Z1FsTt6pGWIA=
12,-6,VE7bH6pmp5/obkhib1TGBa4/XMA=,7AHGTnwIZuHpEP6Z1FsTt6pGWIA=
13,-6,VE7bH6pmp5/obkhib1TGBa4/XMA=,7AHGTnwIZuHpEP6Z1FsTt6pGWIA=
12,-4,VE7bH6pmp5/obkhib1TGBa4/XMA=,7AHGTnwIZuHpEP6Z1FsTt6pGWIA=
10,-4,VE7bH6pmp5/obkhib1TGBa4/XMA=,7AHGTnwIZuHpEP6Z1FsTt6pGWIA=
11,-4,VE7bH6pmp5/obkhib1TGBa4/XMA=,7AHGTnwIZuHpEP6Z1FsTt6pGWIA=
11,-8,VE7bH6pmp5/obkhib1TGBa4/XMA=,7AHGTnwIZuHpEP6Z1FsTt6pGWIA=
13,-1,VE7bH6pmp5/obkhib1TGBa4/XMA=,7AHGTnwIZuHpEP6Z1FsTt6pGWIA=
14,-2,VE7bH6pmp5/obkhib1TGBa4/XMA=,7AHGTnwIZuHpEP6Z1FsTt6pGWIA=
14,-5,VE7bH6pmp5/obkhib1TGBa4/XMA=,7AHGTnwIZuHpEP6Z1FsTt6pGWIA=
8,-2,VE7bH6pmp5/obkhib1TGBa4/XMA=,7AHGTnwIZuHpEP6Z1FsTt6pGWIA=
12,-1,VE7bH6pmp5/obkhib1TGBa4/XMA=,7AHGTnwIZuHpEP6Z1FsTt6pGWIA=
13,-5,VE7bH6pmp5/obkhib1TGBa4/XMA=,7AHGTnwIZuHpEP6Z1FsTt6pGWIA=
10,-6,VE7bH6pmp5/obkhib1TGBa4/XMA=,7AHGTnwIZuHpEP6Z1FsTt6pGWIA=
13,-8,VE7bH6pmp5/obkhib1TGBa4/XMA=,7AHGTnwIZuHpEP6Z1FsTt6pGWIA=
13,-2,VE7bH6pmp5/obkhib1TGBa4/XMA=,7AHGTnwIZuHpEP6Z1FsTt6pGWIA=
12,-5,VE7bH6pmp5/obkhib1TGBa4/XMA=,7AHGTnwIZuHpEP6Z1FsTt6pGWIA=
11,-2,VE7bH6pmp5/obkhib1TGBa4/XMA=,7AHGTnwIZuHpEP6Z1FsTt6pGWIA=
8,-8,VE7bH6pmp5/obkhib1TGBa4/XMA=,7AHGTnwIZuHpEP6Z1FsTt6pGWIA=
12,-2,VE7bH6pmp5/obkhib1TGBa4/XMA=,7AHGTnwIZuHpEP6Z1FsTt6pGWIA=
15,-8,VE7bH6pmp5/obkhib1TGBa4/XMA=,7AHGTnwIZuHpEP6Z1FsTt6pGWIA=
10,-8,VE7bH6pmp5/obkhib1TGBa4/XMA=,7AHGTnwIZuHpEP6Z1FsTt6pGWIA=
12,-7,VE7bH6pmp5/obkhib1TGBa4/XMA=,7AHGTnwIZuHpEP6Z1FsTt6pGWIA=
9,-3,VE7bH6pmp5/obkhib1TGBa4/XMA=,7AHGTnwIZuHpEP6Z1FsTt6pGWIA=
8,-6,VE7bH6pmp5/obkhib1TGBa4/XMA=,7AHGTnwIZuHpEP6Z1FsTt6pGWIA=
13,-3,VE7bH6pmp5/obkhib1TGBa4/XMA=,7AHGTnwIZuHpEP6Z1FsTt6pGWIA=
9,-4,VE7bH6pmp5/obkhib1TGBa4/XMA=,7AHGTnwIZuHpEP6Z1FsTt6pGWIA=
8,-4,VE7bH6pmp5/obkhib1TGBa4/XMA=,7AHGTnwIZuHpEP6Z1FsTt6pGWIA=
12,-3,VE7bH6pmp5/obkhib1TGBa4/XMA=,7AHGTnwIZuHpEP6Z1FsTt6pGWIA=
11,-5,VE7bH6pmp5/obkhib1TGBa4/XMA=,7AHGTnwIZuHpEP6Z1FsTt6pGWIA=
14,-4,VE7bH6pmp5/obkhib1TGBa4/XMA=,7AHGTnwIZuHpEP6Z1FsTt6pGWIA=
10,-2,VE7bH6pmp5/obkhib1TGBa4/XMA=,7AHGTnwIZuHpEP6Z1FsTt6pGWIA=
9,-5,VE7bH6pmp5/obkhib1TGBa4/XMA=,7AHGTnwIZuHpEP6Z1FsTt6pGWIA=
10,-5,VE7bH6pmp5/obkhib1TGBa4/XMA=,7AHGTnwIZuHpEP6Z1FsTt6pGWIA=
11,-1,VE7bH6pmp5/obkhib1TGBa4/XMA=,7AHGTnwIZuHpEP6Z1FsTt6pGWIA=
8,-5,VE7bH6pmp5/obkhib1TGBa4/XMA=,7AHGTnwIZuHpEP6Z1FsTt6pGWIA=
11,-6,VE7bH6pmp5/obkhib1TGBa4/XMA=,7AHGTnwIZuHpEP6Z1FsTt6pGWIA=
9,-6,VE7bH6pmp5/obkhib1TGBa4/XMA=,7AHGTnwIZuHpEP6Z1FsTt6pGWIA=
9,-8,VE7bH6pmp5/obkhib1TGBa4/XMA=,7AHGTnwIZuHpEP6Z1FsTt6pGWIA=
8,-3,VE7bH6pmp5/obkhib1TGBa4/XMA=,7AHGTnwIZuHpEP6Z1FsTt6pGWIA=
12,-8,VE7bH6pmp5/obkhib1TGBa4/XMA=,7AHGTnwIZuHpEP6Z1FsTt6pGWIA=
15,-9,VE7bH6pmp5/obkhib1TGBa4/XMA=,7AHGTnwIZuHpEP6Z1FsTt6pGWIA=
14,-9,VE7bH6pmp5/obkhib1TGBa4/XMA=,7AHGTnwIZuHpEP6Z1FsTt6pGWIA=
13,-9,VE7bH6pmp5/obkhib1TGBa4/XMA=,7AHGTnwIZuHpEP6Z1FsTt6pGWIA=
12,-9,VE7bH6pmp5/obkhib1TGBa4/XMA=,7AHGTnwIZuHpEP6Z1FsTt6pGWIA=
10,-1,VE7bH6pmp5/obkhib1TGBa4/XMA=,7AHGTnwIZuHpEP6Z1FsTt6pGWIA=
8,-9,VE7bH6pmp5/obkhib1TGBa4/XMA=,7AHGTnwIZuHpEP6Z1FsTt6pGWIA=
11,-9,VE7bH6pmp5/obkhib1TGBa4/XMA=,7AHGTnwIZuHpEP6Z1FsTt6pGWIA=
9,-9,VE7bH6pmp5/obkhib1TGBa4/XMA=,7AHGTnwIZuHpEP6Z1FsTt6pGWIA=
11,-7,VE7bH6pmp5/obkhib1TGBa4/XMA=,7AHGTnwIZuHpEP6Z1FsTt6pGWIA=
10,-9,VE7bH6pmp5/obkhib1TGBa4/XMA=,7AHGTnwIZuHpEP6Z1FsTt6pGWIA=
6,-25,ADr6VdsL05VPN8ByBGfdZbKWSJY=,4dY3z7dYcyWBx+ELiRC4tzijmKs=
7,-25,ADr6VdsL05VPN8ByBGfdZbKWSJY=,4dY3z7dYcyWBx+ELiRC4tzijmKs=
1,-29,ADr6VdsL05VPN8ByBGfdZbKWSJY=,4dY3z7dYcyWBx+ELiRC4tzijmKs=
3,-32,ADr6VdsL05VPN8ByBGfdZbKWSJY=,4dY3z7dYcyWBx+ELiRC4tzijmKs=
3,-29,ADr6VdsL05VPN8ByBGfdZbKWSJY=,4dY3z7dYcyWBx+ELiRC4tzijmKs=
5,-25,ADr6VdsL05VPN8ByBGfdZbKWSJY=,4dY3z7dYcyWBx+ELiRC4tzijmKs=
7,-31,ADr6VdsL05VPN8ByBGfdZbKWSJY=,4dY3z7dYcyWBx+ELiRC4tzijmKs=
6,-31,ADr6VdsL05VPN8ByBGfdZbKWSJY=,4dY3z7dYcyWBx+ELiRC4tzijmKs=
2,-29,ADr6VdsL05VPN8ByBGfdZbKWSJY=,4dY3z7dYcyWBx+ELiRC4tzijmKs=
5,-31,ADr6VdsL05VPN8ByBGfdZbKWSJY=,4dY3z7dYcyWBx+ELiRC4tzijmKs=
4,-25,ADr6VdsL05VPN8ByBGfdZbKWSJY=,4dY3z7dYcyWBx+ELiRC4tzijmKs=
3,-25,ADr6VdsL05VPN8ByBGfdZbKWSJY=,4dY3z7dYcyWBx+ELiRC4tzijmKs=
1,-25,ADr6VdsL05VPN8ByBGfdZbKWSJY=,4dY3z7dYcyWBx+ELiRC4tzijmKs=
0,-25,ADr6VdsL05VPN8ByBGfdZbKWSJY=,4dY3z7dYcyWBx+ELiRC4tzijmKs=
7,-26,ADr6VdsL05VPN8ByBGfdZbKWSJY=,4dY3z7dYcyWBx+ELiRC4tzijmKs=
1,-31,ADr6VdsL05VPN8ByBGfdZbKWSJY=,4dY3z7dYcyWBx+ELiRC4tzijmKs=
2,-25,ADr6VdsL05VPN8ByBGfdZbKWSJY=,4dY3z7dYcyWBx+ELiRC4tzijmKs=
5,-26,ADr6VdsL05VPN8ByBGfdZbKWSJY=,4dY3z7dYcyWBx+ELiRC4tzijmKs=
5,-30,ADr6VdsL05VPN8ByBGfdZbKWSJY=,4dY3z7dYcyWBx+ELiRC4tzijmKs=
2,-32,ADr6VdsL05VPN8ByBGfdZbKWSJY=,4dY3z7dYcyWBx+ELiRC4tzijmKs=
3,-26,ADr6VdsL05VPN8ByBGfdZbKWSJY=,4dY3z7dYcyWBx+ELiRC4tzijmKs=
2,-26,ADr6VdsL05VPN8ByBGfdZbKWSJY=,4dY3z7dYcyWBx+ELiRC4tzijmKs=
1,-26,ADr6VdsL05VPN8ByBGfdZbKWSJY=,4dY3z7dYcyWBx+ELiRC4tzijmKs=
4,-30,ADr6VdsL05VPN8ByBGfdZbKWSJY=,4dY3z7dYcyWBx+ELiRC4tzijmKs=
6,-26,ADr6VdsL05VPN8ByBGfdZbKWSJY=,4dY3z7dYcyWBx+ELiRC4tzijmKs=
0,-26,ADr6VdsL05VPN8ByBGfdZbKWSJY=,4dY3z7dYcyWBx+ELiRC4tzijmKs=
7,-27,ADr6VdsL05VPN8ByBGfdZbKWSJY=,4dY3z7dYcyWBx+ELiRC4tzijmKs=
6,-27,ADr6VdsL05VPN8ByBGfdZbKWSJY=,4dY3z7dYcyWBx+ELiRC4tzijmKs=
4,-26,ADr6VdsL05VPN8ByBGfdZbKWSJY=,4dY3z7dYcyWBx+ELiRC4tzijmKs=
4,-31,ADr6VdsL05VPN8ByBGfdZbKWSJY=,4dY3z7dYcyWBx+ELiRC4tzijmKs=
5,-27,ADr6VdsL05VPN8ByBGfdZbKWSJY=,4dY3z7dYcyWBx+ELiRC4tzijmKs=
4,-27,ADr6VdsL05VPN8ByBGfdZbKWSJY=,4dY3z7dYcyWBx+ELiRC4tzijmKs=
3,-27,ADr6VdsL05VPN8ByBGfdZbKWSJY=,4dY3z7dYcyWBx+ELiRC4tzijmKs=
2,-27,ADr6VdsL05VPN8ByBGfdZbKWSJY=,4dY3z7dYcyWBx+ELiRC4tzijmKs=
0,-27,ADr6VdsL05VPN8ByBGfdZbKWSJY=,4dY3z7dYcyWBx+ELiRC4tzijmKs=
1,-27,ADr6VdsL05VPN8ByBGfdZbKWSJY=,4dY3z7dYcyWBx+ELiRC4tzijmKs=
3,-30,ADr6VdsL05VPN8ByBGfdZbKWSJY=,4dY3z7dYcyWBx+ELiRC4tzijmKs=
7,-28,ADr6VdsL05VPN8ByBGfdZbKWSJY=,4dY3z7dYcyWBx+ELiRC4tzijmKs=
3,-31,ADr6VdsL05VPN8ByBGfdZbKWSJY=,4dY3z7dYcyWBx+ELiRC4tzijmKs=
6,-28,ADr6VdsL05VPN8ByBGfdZbKWSJY=,4dY3z7dYcyWBx+ELiRC4tzijmKs=
3,-28,ADr6VdsL05VPN8ByBGfdZbKWSJY=,4dY3z7dYcyWBx+ELiRC4tzijmKs=
5,-28,ADr6VdsL05VPN8ByBGfdZbKWSJY=,4dY3z7dYcyWBx+ELiRC4tzijmKs=
0,-31,ADr6VdsL05VPN8ByBGfdZbKWSJY=,4dY3z7dYcyWBx+ELiRC4tzijmKs=
4,-28,ADr6VdsL05VPN8ByBGfdZbKWSJY=,4dY3z7dYcyWBx+ELiRC4tzijmKs=
2,-30,ADr6VdsL05VPN8ByBGfdZbKWSJY=,4dY3z7dYcyWBx+ELiRC4tzijmKs=
1,-32,ADr6VdsL05VPN8ByBGfdZbKWSJY=,4dY3z7dYcyWBx+ELiRC4tzijmKs=
7,-32,ADr6VdsL05VPN8ByBGfdZbKWSJY=,4dY3z7dYcyWBx+ELiRC4tzijmKs=
6,-32,ADr6VdsL05VPN8ByBGfdZbKWSJY=,4dY3z7dYcyWBx+ELiRC4tzijmKs=
2,-31,ADr6VdsL05VPN8ByBGfdZbKWSJY=,4dY3z7dYcyWBx+ELiRC4tzijmKs=
2,-28,ADr6VdsL05VPN8ByBGfdZbKWSJY=,4dY3z7dYcyWBx+ELiRC4tzijmKs=
5,-32,ADr6VdsL05VPN8ByBGfdZbKWSJY=,4dY3z7dYcyWBx+ELiRC4tzijmKs=
1,-28,ADr6VdsL05VPN8ByBGfdZbKWSJY=,4dY3z7dYcyWBx+ELiRC4tzijmKs=
7,-29,ADr6VdsL05VPN8ByBGfdZbKWSJY=,4dY3z7dYcyWBx+ELiRC4tzijmKs=
0,-28,ADr6VdsL05VPN8ByBGfdZbKWSJY=,4dY3z7dYcyWBx+ELiRC4tzijmKs=
6,-29,ADr6VdsL05VPN8ByBGfdZbKWSJY=,4dY3z7dYcyWBx+ELiRC4tzijmKs=
5,-29,ADr6VdsL05VPN8ByBGfdZbKWSJY=,4dY3z7dYcyWBx+ELiRC4tzijmKs=
4,-29,ADr6VdsL05VPN8ByBGfdZbKWSJY=,4dY3z7dYcyWBx+ELiRC4tzijmKs=
4,-32,ADr6VdsL05VPN8ByBGfdZbKWSJY=,4dY3z7dYcyWBx+ELiRC4tzijmKs=
0,-32,ADr6VdsL05VPN8ByBGfdZbKWSJY=,4dY3z7dYcyWBx+ELiRC4tzijmKs=
1,-30,ADr6VdsL05VPN8ByBGfdZbKWSJY=,4dY3z7dYcyWBx+ELiRC4tzijmKs=
0,-30,ADr6VdsL05VPN8ByBGfdZbKWSJY=,4dY3z7dYcyWBx+ELiRC4tzijmKs=
0,-29,ADr6VdsL05VPN8ByBGfdZbKWSJY=,4dY3z7dYcyWBx+ELiRC4tzijmKs=
6,-30,ADr6VdsL05VPN8ByBGfdZbKWSJY=,4dY3z7dYcyWBx+ELiRC4tzijmKs=
7,-30,ADr6VdsL05VPN8ByBGfdZbKWSJY=,4dY3z7dYcyWBx+ELiRC4tzijmKs=
20,-11,brWx1XMP7rWrb/V/NT6C0JjNw/8=,Fo3CmjIQZnBPsReMbOAD1PP/7lU=
23,-15,brWx1XMP7rWrb/V/NT6C0JjNw/8=,Fo3CmjIQZnBPsReMbOAD1PP/7lU=
21,-12,brWx1XMP7rWrb/V/NT6C0JjNw/8=,Fo3CmjIQZnBPsReMbOAD1PP/7lU=
22,-15,brWx1XMP7rWrb/V/NT6C0JjNw/8=,Fo3CmjIQZnBPsReMbOAD1PP/7lU=
21,-13,brWx1XMP7rWrb/V/NT6C0JjNw/8=,Fo3CmjIQZnBPsReMbOAD1PP/7lU=
23,-14,brWx1XMP7rWrb/V/NT6C0JjNw/8=,Fo3CmjIQZnBPsReMbOAD1PP/7lU=
21,-15,brWx1XMP7rWrb/V/NT6C0JjNw/8=,Fo3CmjIQZnBPsReMbOAD1PP/7lU=
19,-11,brWx1XMP7rWrb/V/NT6C0JjNw/8=,Fo3CmjIQZnBPsReMbOAD1PP/7lU=
18,-11,brWx1XMP7rWrb/V/NT6C0JjNw/8=,Fo3CmjIQZnBPsReMbOAD1PP/7lU=
20,-15,brWx1XMP7rWrb/V/NT6C0JjNw/8=,Fo3CmjIQZnBPsReMbOAD1PP/7lU=
18,-15,brWx1XMP7rWrb/V/NT6C0JjNw/8=,Fo3CmjIQZnBPsReMbOAD1PP/7lU=
20,-12,brWx1XMP7rWrb/V/NT6C0JjNw/8=,Fo3CmjIQZnBPsReMbOAD1PP/7lU=
20,-13,brWx1XMP7rWrb/V/NT6C0JjNw/8=,Fo3CmjIQZnBPsReMbOAD1PP/7lU=
19,-12,brWx1XMP7rWrb/V/NT6C0JjNw/8=,Fo3CmjIQZnBPsReMbOAD1PP/7lU=
19,-13,brWx1XMP7rWrb/V/NT6C0JjNw/8=,Fo3CmjIQZnBPsReMbOAD1PP/7lU=
16,-11,brWx1XMP7rWrb/V/NT6C0JjNw/8=,Fo3CmjIQZnBPsReMbOAD1PP/7lU=
17,-11,brWx1XMP7rWrb/V/NT6C0JjNw/8=,Fo3CmjIQZnBPsReMbOAD1PP/7lU=
19,-15,brWx1XMP7rWrb/V/NT6C0JjNw/8=,Fo3CmjIQZnBPsReMbOAD1PP/7lU=
23,-12,brWx1XMP7rWrb/V/NT6C0JjNw/8=,Fo3CmjIQZnBPsReMbOAD1PP/7lU=
17,-15,brWx1XMP7rWrb/V/NT6C0JjNw/8=,Fo3CmjIQZnBPsReMbOAD1PP/7lU=
17,-13,brWx1XMP7rWrb/V/NT6C0JjNw/8=,Fo3CmjIQZnBPsReMbOAD1PP/7lU=
18,-13,brWx1XMP7rWrb/V/NT6C0JjNw/8=,Fo3CmjIQZnBPsReMbOAD1PP/7lU=
16,-15,brWx1XMP7rWrb/V/NT6C0JjNw/8=,Fo3CmjIQZnBPsReMbOAD1PP/7lU=
22,-14,brWx1XMP7rWrb/V/NT6C0JjNw/8=,Fo3CmjIQZnBPsReMbOAD1PP/7lU=
16,-13,brWx1XMP7rWrb/V/NT6C0JjNw/8=,Fo3CmjIQZnBPsReMbOAD1PP/7lU=
22,-12,brWx1XMP7rWrb/V/NT6C0JjNw/8=,Fo3CmjIQZnBPsReMbOAD1PP/7lU=
18,-12,brWx1XMP7rWrb/V/NT6C0JjNw/8=,Fo3CmjIQZnBPsReMbOAD1PP/7lU=
17,-12,brWx1XMP7rWrb/V/NT6C0JjNw/8=,Fo3CmjIQZnBPsReMbOAD1PP/7lU=
20,-14,brWx1XMP7rWrb/V/NT6C0JjNw/8=,Fo3CmjIQZnBPsReMbOAD1PP/7lU=
21,-14,brWx1XMP7rWrb/V/NT6C0JjNw/8=,Fo3CmjIQZnBPsReMbOAD1PP/7lU=
18,-14,brWx1XMP7rWrb/V/NT6C0JjNw/8=,Fo3CmjIQZnBPsReMbOAD1PP/7lU=
19,-14,brWx1XMP7rWrb/V/NT6C0JjNw/8=,Fo3CmjIQZnBPsReMbOAD1PP/7lU=
22,-10,brWx1XMP7rWrb/V/NT6C0JjNw/8=,Fo3CmjIQZnBPsReMbOAD1PP/7lU=
23,-10,brWx1XMP7rWrb/V/NT6C0JjNw/8=,Fo3CmjIQZnBPsReMbOAD1PP/7lU=
21,-10,brWx1XMP7rWrb/V/NT6C0JjNw/8=,Fo3CmjIQZnBPsReMbOAD1PP/7lU=
16,-12,brWx1XMP7rWrb/V/NT6C0JjNw/8=,Fo3CmjIQZnBPsReMbOAD1PP/7lU=
20,-10,brWx1XMP7rWrb/V/NT6C0JjNw/8=,Fo3CmjIQZnBPsReMbOAD1PP/7lU=
19,-10,brWx1XMP7rWrb/V/NT6C0JjNw/8=,Fo3CmjIQZnBPsReMbOAD1PP/7lU=
18,-10,brWx1XMP7rWrb/V/NT6C0JjNw/8=,Fo3CmjIQZnBPsReMbOAD1PP/7lU=
23,-13,brWx1XMP7rWrb/V/NT6C0JjNw/8=,Fo3CmjIQZnBPsReMbOAD1PP/7lU=
17,-14,brWx1XMP7rWrb/V/NT6C0JjNw/8=,Fo3CmjIQZnBPsReMbOAD1PP/7lU=
17,-10,brWx1XMP7rWrb/V/NT6C0JjNw/8=,Fo3CmjIQZnBPsReMbOAD1PP/7lU=
23,-11,brWx1XMP7rWrb/V/NT6C0JjNw/8=,Fo3CmjIQZnBPsReMbOAD1PP/7lU=
22,-13,brWx1XMP7rWrb/V/NT6C0JjNw/8=,Fo3CmjIQZnBPsReMbOAD1PP/7lU=
16,-14,brWx1XMP7rWrb/V/NT6C0JjNw/8=,Fo3CmjIQZnBPsReMbOAD1PP/7lU=
22,-11,brWx1XMP7rWrb/V/NT6C0JjNw/8=,Fo3CmjIQZnBPsReMbOAD1PP/7lU=
16,-10,brWx1XMP7rWrb/V/NT6C0JjNw/8=,Fo3CmjIQZnBPsReMbOAD1PP/7lU=
21,-11,brWx1XMP7rWrb/V/NT6C0JjNw/8=,Fo3CmjIQZnBPsReMbOAD1PP/7lU=
17,-16,brWx1XMP7rWrb/V/NT6C0JjNw/8=,Fo3CmjIQZnBPsReMbOAD1PP/7lU=
20,-16,brWx1XMP7rWrb/V/NT6C0JjNw/8=,Fo3CmjIQZnBPsReMbOAD1PP/7lU=
19,-16,brWx1XMP7rWrb/V/NT6C0JjNw/8=,Fo3CmjIQZnBPsReMbOAD1PP/7lU=
21,-16,brWx1XMP7rWrb/V/NT6C0JjNw/8=,Fo3CmjIQZnBPsReMbOAD1PP/7lU=
22,-16,brWx1XMP7rWrb/V/NT6C0JjNw/8=,Fo3CmjIQZnBPsReMbOAD1PP/7lU=
18,-16,brWx1XMP7rWrb/V/NT6C0JjNw/8=,Fo3CmjIQZnBPsReMbOAD1PP/7lU=
16,-16,brWx1XMP7rWrb/V/NT6C0JjNw/8=,Fo3CmjIQZnBPsReMbOAD1PP/7lU=
23,-16,brWx1XMP7rWrb/V/NT6C0JjNw/8=,Fo3CmjIQZnBPsReMbOAD1PP/7lU=
16,-9,brWx1XMP7rWrb/V/NT6C0JjNw/8=,Fo3CmjIQZnBPsReMbOAD1PP/7lU=
19,-5,brWx1XMP7rWrb/V/NT6C0JjNw/8=,wU5NE27S3gOiIh3zQRbvsFdszWs=
18,-5,brWx1XMP7rWrb/V/NT6C0JjNw/8=,wU5NE27S3gOiIh3zQRbvsFdszWs=
16,-5,brWx1XMP7rWrb/V/NT6C0JjNw/8=,wU5NE27S3gOiIh3zQRbvsFdszWs=
17,-5,brWx1XMP7rWrb/V/NT6C0JjNw/8=,wU5NE27S3gOiIh3zQRbvsFdszWs=
23,-1,brWx1XMP7rWrb/V/NT6C0JjNw/8=,wU5NE27S3gOiIh3zQRbvsFdszWs=
23,-6,brWx1XMP7rWrb/V/NT6C0JjNw/8=,wU5NE27S3gOiIh3zQRbvsFdszWs=
22,-6,brWx1XMP7rWrb/V/NT6C0JjNw/8=,wU5NE27S3gOiIh3zQRbvsFdszWs=
21,-1,brWx1XMP7rWrb/V/NT6C0JjNw/8=,wU5NE27S3gOiIh3zQRbvsFdszWs=
22,-1,brWx1XMP7rWrb/V/NT6C0JjNw/8=,wU5NE27S3gOiIh3zQRbvsFdszWs=
20,-6,brWx1XMP7rWrb/V/NT6C0JjNw/8=,wU5NE27S3gOiIh3zQRbvsFdszWs=
20,-1,brWx1XMP7rWrb/V/NT6C0JjNw/8=,wU5NE27S3gOiIh3zQRbvsFdszWs=
21,-6,brWx1XMP7rWrb/V/NT6C0JjNw/8=,wU5NE27S3gOiIh3zQRbvsFdszWs=
19,-6,brWx1XMP7rWrb/V/NT6C0JjNw/8=,wU5NE27S3gOiIh3zQRbvsFdszWs=
18,-1,brWx1XMP7rWrb/V/NT6C0JjNw/8=,wU5NE27S3gOiIh3zQRbvsFdszWs=
17,-1,brWx1XMP7rWrb/V/NT6C0JjNw/8=,wU5NE27S3gOiIh3zQRbvsFdszWs=
18,-6,brWx1XMP7rWrb/V/NT6C0JjNw/8=,wU5NE27S3gOiIh3zQRbvsFdszWs=
19,-1,brWx1XMP7rWrb/V/NT6C0JjNw/8=,wU5NE27S3gOiIh3zQRbvsFdszWs=
16,-1,brWx1XMP7rWrb/V/NT6C0JjNw/8=,wU5NE27S3gOiIh3zQRbvsFdszWs=
22,-2,brWx1XMP7rWrb/V/NT6C0JjNw/8=,wU5NE27S3gOiIh3zQRbvsFdszWs=
21,-2,brWx1XMP7rWrb/V/NT6C0JjNw/8=,wU5NE27S3gOiIh3zQRbvsFdszWs=
20,-2,brWx1XMP7rWrb/V/NT6C0JjNw/8=,wU5NE27S3gOiIh3zQRbvsFdszWs=
17,-6,brWx1XMP7rWrb/V/NT6C0JjNw/8=,wU5NE27S3gOiIh3zQRbvsFdszWs=
23,-2,brWx1XMP7rWrb/V/NT6C0JjNw/8=,wU5NE27S3gOiIh3zQRbvsFdszWs=
19,-2,brWx1XMP7rWrb/V/NT6C0JjNw/8=,wU5NE27S3gOiIh3zQRbvsFdszWs=
18,-2,brWx1XMP7rWrb/V/NT6C0JjNw/8=,wU5NE27S3gOiIh3zQRbvsFdszWs=
17,-2,brWx1XMP7rWrb/V/NT6C0JjNw/8=,wU5NE27S3gOiIh3zQRbvsFdszWs=
16,-2,brWx1XMP7rWrb/V/NT6C0JjNw/8=,wU5NE27S3gOiIh3zQRbvsFdszWs=
23,-3,brWx1XMP7rWrb/V/NT6C0JjNw/8=,wU5NE27S3gOiIh3zQRbvsFdszWs=
22,-3,brWx1XMP7rWrb/V/NT6C0JjNw/8=,wU5NE27S3gOiIh3zQRbvsFdszWs=
16,-6,brWx1XMP7rWrb/V/NT6C0JjNw/8=,wU5NE27S3gOiIh3zQRbvsFdszWs=
21,-3,brWx1XMP7rWrb/V/NT6C0JjNw/8=,wU5NE27S3gOiIh3zQRbvsFdszWs=
23,-7,brWx1XMP7rWrb/V/NT6C0JjNw/8=,wU5NE27S3gOiIh3zQRbvsFdszWs=
20,-3,brWx1XMP7rWrb/V/NT6C0JjNw/8=,wU5NE27S3gOiIh3zQRbvsFdszWs=
18,-3,brWx1XMP7rWrb/V/NT6C0JjNw/8=,wU5NE27S3gOiIh3zQRbvsFdszWs=
22,-7,brWx1XMP7rWrb/V/NT6C0JjNw/8=,wU5NE27S3gOiIh3zQRbvsFdszWs=
23,-4,brWx1XMP7rWrb/V/NT6C0JjNw/8=,wU5NE27S3gOiIh3zQRbvsFdszWs=
17,-3,brWx1XMP7rWrb/V/NT6C0JjNw/8=,wU5NE27S3gOiIh3zQRbvsFdszWs=
16,-3,brWx1XMP7rWrb/V/NT6C0JjNw/8=,wU5NE27S3gOiIh3zQRbvsFdszWs=
21,-4,brWx1XMP7rWrb/V/NT6C0JjNw/8=,wU5NE27S3gOiIh3zQRbvsFdszWs=
22,-4,brWx1XMP7rWrb/V/NT6C0JjNw/8=,wU5NE27S3gOiIh3zQRbvsFdszWs=
20,-4,brWx1XMP7rWrb/V/NT6C0JjNw/8=,wU5NE27S3gOiIh3zQRbvsFdszWs=
21,-7,brWx1XMP7rWrb/V/NT6C0JjNw/8=,wU5NE27S3gOiIh3zQRbvsFdszWs=
18,-4,brWx1XMP7rWrb/V/NT6C0JjNw/8=,wU5NE27S3gOiIh3zQRbvsFdszWs=
19,-4,brWx1XMP7rWrb/V/NT6C0JjNw/8=,wU5NE27S3gOiIh3zQRbvsFdszWs=
16,-4,brWx1XMP7rWrb/V/NT6C0JjNw/8=,wU5NE27S3gOiIh3zQRbvsFdszWs=
19,-7,brWx1XMP7rWrb/V/NT6C0JjNw/8=,wU5NE27S3gOiIh3zQRbvsFdszWs=
18,-7,brWx1XMP7rWrb/V/NT6C0JjNw/8=,wU5NE27S3gOiIh3zQRbvsFdszWs=
23,-5,brWx1XMP7rWrb/V/NT6C0JjNw/8=,wU5NE27S3gOiIh3zQRbvsFdszWs=
17,-4,brWx1XMP7rWrb/V/NT6C0JjNw/8=,wU5NE27S3gOiIh3zQRbvsFdszWs=
20,-7,brWx1XMP7rWrb/V/NT6C0JjNw/8=,wU5NE27S3gOiIh3zQRbvsFdszWs=
17,-7,brWx1XMP7rWrb/V/NT6C0JjNw/8=,wU5NE27S3gOiIh3zQRbvsFdszWs=
16,-7,brWx1XMP7rWrb/V/NT6C0JjNw/8=,wU5NE27S3gOiIh3zQRbvsFdszWs=
20,-8,brWx1XMP7rWrb/V/NT6C0JjNw/8=,wU5NE27S3gOiIh3zQRbvsFdszWs=
22,-8,brWx1XMP7rWrb/V/NT6C0JjNw/8=,wU5NE27S3gOiIh3zQRbvsFdszWs=
21,-8,brWx1XMP7rWrb/V/NT6C0JjNw/8=,wU5NE27S3gOiIh3zQRbvsFdszWs=
23,-8,brWx1XMP7rWrb/V/NT6C0JjNw/8=,wU5NE27S3gOiIh3zQRbvsFdszWs=
18,-8,brWx1XMP7rWrb/V/NT6C0JjNw/8=,wU5NE27S3gOiIh3zQRbvsFdszWs=
17,-8,brWx1XMP7rWrb/V/NT6C0JjNw/8=,wU5NE27S3gOiIh3zQRbvsFdszWs=
22,-5,brWx1XMP7rWrb/V/NT6C0JjNw/8=,wU5NE27S3gOiIh3zQRbvsFdszWs=
16,-8,brWx1XMP7rWrb/V/NT6C0JjNw/8=,wU5NE27S3gOiIh3zQRbvsFdszWs=
19,-8,brWx1XMP7rWrb/V/NT6C0JjNw/8=,wU5NE27S3gOiIh3zQRbvsFdszWs=
21,-5,brWx1XMP7rWrb/V/NT6C0JjNw/8=,wU5NE27S3gOiIh3zQRbvsFdszWs=
20,-5,brWx1XMP7rWrb/V/NT6C0JjNw/8=,wU5NE27S3gOiIh3zQRbvsFdszWs=
23,-9,brWx1XMP7rWrb/V/NT6C0JjNw/8=,Fo3CmjIQZnBPsReMbOAD1PP/7lU=
21,-9,brWx1XMP7rWrb/V/NT6C0JjNw/8=,Fo3CmjIQZnBPsReMbOAD1PP/7lU=
22,-9,brWx1XMP7rWrb/V/NT6C0JjNw/8=,Fo3CmjIQZnBPsReMbOAD1PP/7lU=
20,-9,brWx1XMP7rWrb/V/NT6C0JjNw/8=,Fo3CmjIQZnBPsReMbOAD1PP/7lU=
18,-9,brWx1XMP7rWrb/V/NT6C0JjNw/8=,Fo3CmjIQZnBPsReMbOAD1PP/7lU=
17,-9,brWx1XMP7rWrb/V/NT6C0JjNw/8=,Fo3CmjIQZnBPsReMbOAD1PP/7lU=
19,-9,brWx1XMP7rWrb/V/NT6C0JjNw/8=,Fo3CmjIQZnBPsReMbOAD1PP/7lU=
19,-3,brWx1XMP7rWrb/V/NT6C0JjNw/8=,wU5NE27S3gOiIh3zQRbvsFdszWs=
